kmer	1	2	3	4	5	6	7	8	9
AA	869772	802922	868159	207762	203677	265724	1733630	1444880	1290280
AC	568109	586147	1371300	114348	75998	75874	621969	577074	528560
AG	587176	436520	131108	118378	151873	200513	1140954	954678	877930
AT	882496	883663	309423	2519584	156717	156675	879637	744988	728561
CA	687423	722141	684692	134749	192399	2044640	769427	791976	786726
CC	612863	697729	1479905	184916	199479	971549	758338	598800	560486
CG	93219	76984	17791	17316	21784	160373	66887	103639	89756
CT	854840	983435	516268	5538873	353053	732905	657131	481166	725034
GA	514402	412629	334008	113553	100395	124390	535754	637987	791746
GC	452603	509035	832285	80254	65703	76358	246113	528289	439124
GG	444394	327651	135315	116596	118584	158746	488575	665524	677895
GT	537912	561412	124494	102004	88084	103212	389779	533171	578725
TA	637655	742298	1073213	132201	202315	1941436	682808	550488	584079
TC	846714	905744	2192364	387197	3568287	1128002	349161	457839	450169
TG	685936	584947	128193	120476	170466	1140587	668555	763648	691970
TT	1294680	1336939	371679	681990	4901383	1289212	581480	736052	769159
