kmer	1	2	3	4	5	6	7	8	9
AA	2438943	2307657	2280032	403454	347840	429841	2749739	2408167	2092720
AC	1349843	1489124	1055511	454676	191295	242584	2263274	1769287	1717256
AG	1292679	1151893	630938	230626	228558	219423	921168	670779	815835
AT	2501806	2769839	3360597	5828687	479739	432670	3395499	2287276	2441994
CA	1856994	1766659	1682174	286376	292094	1425199	1372308	1952204	2259825
CC	1599119	1718743	1589405	421500	455930	504666	2541498	3195946	2992888
CG	187896	158543	93982	42739	43861	104437	67215	105576	149448
CT	2387822	2484218	3240997	4756900	1664075	734080	2828099	2226865	3636574
GA	1165446	989622	867016	200484	167938	180200	391994	434132	486875
GC	949629	916779	749844	245379	167033	206350	798325	755580	556306
GG	846255	717433	377623	174063	168688	151066	277280	291825	328727
GT	1349331	1353273	1436107	1306801	231432	213796	1019334	766703	826371
TA	2257130	2263140	2088221	357118	516646	7294440	2621468	2273301	1514098
TC	2229572	2481910	2112755	1334405	1954124	5855520	1877494	3317921	2983008
TG	1650245	1402721	824183	287662	310305	2012007	982576	1130099	1061067
TT	4583642	4674831	6257002	12315518	21426831	8640110	4539117	5060728	4783399
