kmer	1	2	3	4	5	6	7	8	9
AA	869937	802993	868461	207844	203761	265797	1732985	1444484	1289798
AC	568116	586229	1370970	114373	76029	75894	621991	577013	528607
AG	587167	436601	131137	118409	151935	200560	1140897	954608	878000
AT	882602	883607	309537	2520101	156756	156771	879781	745092	728727
CA	687311	722093	684680	134781	192409	2043886	769324	791930	786704
CC	612934	697695	1480044	184970	199525	971441	758365	598861	560446
CG	93082	76933	17780	17327	21789	160382	66859	103624	89742
CT	854766	983508	516311	5538132	353080	732960	657265	481332	725146
GA	514446	412558	334042	113602	100452	124424	535937	638014	791709
GC	452488	509015	832278	80236	65722	76324	246177	528291	439084
GG	444393	327752	135323	116630	118602	158793	488613	665559	677998
GT	538091	561205	124549	101973	88112	103220	389835	533195	578726
TA	637736	742461	1073544	132254	202400	1941547	682950	550704	584226
TC	846691	905875	2191918	387224	3567393	1128154	349214	457873	450176
TG	685886	584906	128201	120522	170436	1140825	668690	763726	692169
TT	1294909	1337126	371783	682180	4902157	1289579	581676	736254	769302
