kmer	1	2	3	4	5	6	7	8	9
AA	1131425	1073285	1098038	207432	194662	224076	1682646	1524520	1362091
AC	587598	647590	503275	548233	70805	61211	597671	632326	549102
AG	626798	561297	322043	98933	128523	162484	1201053	989924	932648
AT	1027094	1092147	1292358	2328554	164848	141586	1033671	869475	920260
CA	780458	750602	752468	118401	123829	1105079	654095	752474	816500
CC	595283	667491	643452	297911	322570	206285	508006	604700	561811
CG	75117	65101	38270	14010	16798	88983	49322	79532	82143
CT	881248	944277	1225362	1896290	1230420	396107	580270	438853	866916
GA	560138	489291	438662	99975	81794	103198	576894	728033	799858
GC	398927	411547	344830	200226	53417	65864	311026	538001	428978
GG	409408	354778	211380	89188	92473	122629	517170	732634	689148
GT	559989	556323	596837	544990	78956	90730	569165	633490	697544
TA	902298	902535	893984	133030	189072	3082688	1102610	759074	694121
TC	845663	932924	835055	647247	1349662	1458333	458856	552343	474594
TG	700615	610533	362686	104509	144627	1600159	864613	813437	688796
TT	1586781	1609120	2110143	4339914	7426387	2759430	961774	1020026	1104333
