kmer	1	2	3	4	5	6	7	8	9
AA	1132401	1074240	1099002	207681	194901	224328	1683698	1525502	1363101
AC	587945	647954	503549	548556	70854	61267	598037	632740	549344
AG	627254	561650	322327	99041	128666	162631	1201788	990492	933214
AT	1027704	1092726	1293188	2329937	164954	141708	1034280	869964	920823
CA	780844	750986	752850	118451	123924	1105778	654439	752758	816935
CC	595541	667675	643807	298118	322750	206365	508112	605046	562103
CG	75137	65066	38268	14012	16824	89009	49329	79564	82143
CT	881743	944716	1225811	1897304	1231148	396370	580578	439086	867467
GA	560467	489792	438948	100072	81884	103337	577258	728621	800345
GC	399072	411721	344989	200365	53443	65924	311150	538246	429191
GG	409634	354970	211473	89222	92510	122695	517498	732849	689432
GT	560289	556628	597142	545347	78977	90806	569495	633872	697888
TA	902858	903047	894415	133171	189225	3084360	1103303	759601	694477
TC	845885	933386	835540	647607	1350475	1458902	459155	552616	474932
TG	701084	610866	362938	104539	144762	1601065	864973	813951	689203
TT	1587486	1609923	2111101	4341925	7430051	2760802	962255	1020440	1104750
