kmer	1	2	3	4	5	6	7	8	9	10	11	12	13	14	15	16	17	18	19	20	21	22	23	24	25
AA	132077	149054	65184	52914	175862	289252	293180	279419	318279	287217	248502	320409	297070	239880	233236	245308	233185	112427	57727	112025	245921	63809	48798	104162	122330
AC	180065	214276	247303	185045	158782	191198	173386	150406	186992	261566	231370	180852	237325	232592	271094	287375	415432	123196	46934	60283	376522	247592	233492	120826	475696
AG	453517	220675	244774	153436	224678	346369	287153	317532	313698	328207	276667	265595	337840	234149	161269	128096	51961	22322	43027	93586	521906	130661	95324	145290	142757
AT	199778	217881	206617	112629	194901	248127	280222	216278	174161	233527	200181	266488	312168	232155	345761	258701	230721	673854	374428	126542	341403	220245	159344	163046	326294
CA	398439	254493	227523	368740	479510	293270	246906	245852	254809	267328	365277	402985	264611	325188	297059	280182	313874	219080	209900	952826	262281	280884	305813	533007	149621
CC	257321	225197	305354	350085	285753	195855	162829	158855	214019	353271	419526	325135	261553	269484	263799	355256	512110	199956	140435	304665	449891	407560	444001	181905	303439
CG	56680	65244	62431	48873	45306	60862	41156	53437	42111	39261	46696	43359	35905	34098	27950	26544	11231	4919	15676	68976	64930	50511	43198	36545	7923
CT	429814	294954	377710	406661	385352	269171	326362	238650	178994	255550	305820	352238	293617	282780	384219	397707	449043	1323017	511313	335385	270434	498949	528802	608879	168971
GA	232304	217560	110764	158939	188279	238040	251818	227207	320322	256071	243460	245183	171528	215857	184194	123946	107214	50837	17245	36440	43072	146130	63087	146418	130345
GC	290959	294281	340885	320910	151224	170443	184021	182621	290395	299595	221250	155912	138086	189543	255041	189247	228426	79133	23033	25265	107266	353607	192099	93805	185827
GG	342228	251505	259535	213870	212203	222679	254599	273405	290913	211370	157446	157338	198729	237925	139387	83121	33602	11098	9589	25416	91417	138583	89433	100249	113961
GT	329776	263042	245277	236782	196579	159261	260190	193689	195606	196038	145229	164284	184473	189409	185975	109479	41334	14685	7634	24248	82297	302002	163948	132907	146620
TA	39066	142771	100553	173630	231295	213379	171731	240652	217107	146104	176105	215826	205567	230435	204991	281863	277526	139772	107564	384461	111033	46135	115626	283490	324385
TC	111543	239264	280817	339881	223399	219757	176558	198051	224004	222887	251571	193787	274586	281408	269755	454380	591004	475039	1451450	657323	304225	313055	490744	233418	553581
TG	173963	419037	363761	332106	308236	320718	294014	452862	316352	188547	241908	226524	260260	258425	177187	172815	58959	19162	43077	136074	262069	188812	245424	294669	154980
TT	104732	263028	293774	277761	270903	293881	328137	303346	194500	185723	201254	216347	258944	278934	331345	338242	176640	263765	673230	388747	197595	343727	513129	553646	425532
