kmer	1	2	3	4	5	6	7	8	9	10	11	12	13	14	15	16	17	18	19	20	21	22	23	24	25
AA	137854	155255	67059	54161	183210	302907	306079	292105	332023	299167	257631	333184	310586	249508	242636	256461	243084	118231	60208	115945	258899	68451	51061	106147	126383
AC	189050	226356	260973	194820	167466	203427	181646	157412	196518	276970	245971	191924	251155	246840	286395	304904	441670	137891	50159	63006	391452	271707	247173	130259	492658
AG	486428	233101	256008	158781	235767	368075	304119	336690	333416	345376	291054	277848	354994	247402	169525	134505	55521	23209	44581	98044	541951	145454	100332	149358	148384
AT	207492	227536	215521	117184	204441	261137	293667	225527	180224	242470	207981	277668	327961	243625	360827	272613	240429	694488	399715	134013	354751	235991	166461	170969	339571
CA	419132	266011	238206	389876	512254	309837	260489	258217	267212	282528	386429	430267	283245	344480	317618	298180	329495	234081	221486	996942	299003	297959	322092	561227	164379
CC	268873	236558	325531	374151	301812	205404	170190	165524	225073	377427	453110	353013	282186	289397	283499	377269	544670	221070	146920	318996	479187	435551	481331	202820	323407
CG	60341	69708	66365	51440	47922	65192	44040	57260	45101	41566	49523	46136	38249	36493	29899	28156	12273	5219	16106	71459	70062	53602	46485	39239	8646
CT	453049	309102	401336	434292	409604	284063	346376	250545	186485	269680	324616	374627	314523	300214	405395	421667	474590	1389360	567470	355427	286043	521969	557498	652062	188986
GA	245477	229695	115678	165393	195905	248747	265400	240253	339066	270156	254750	257077	179282	224779	193492	130050	111506	53635	18036	37140	44653	150382	65520	149973	134471
GC	308948	318075	367959	341407	158319	180124	195213	194597	315135	325623	238077	166802	146739	199781	269588	202219	239658	86360	24715	26172	111060	368926	208517	101393	192434
GG	366488	268163	273790	222581	221159	234790	272142	293739	313167	225416	164717	163176	206398	249383	148546	87585	35904	11802	9797	26197	94109	144335	93290	103904	117697
GT	350741	277809	258961	249338	205515	166926	275792	204767	205453	206290	151609	170938	192359	198691	194632	115611	44017	15395	7809	24724	84678	311303	172360	140173	153795
TA	39785	148600	104003	181454	244177	224020	179766	251606	225682	150786	181814	224168	214262	240616	214737	296013	289734	148716	111278	397026	119048	48235	118060	289649	341895
TC	114508	250449	295296	361214	236899	232140	184497	206338	234475	233658	266885	206464	290504	300393	285790	476636	623732	506661	1521030	726121	327382	331222	518327	250946	580145
TG	180485	445416	382556	348096	325739	340490	313055	485132	335801	196795	252699	237618	272993	272980	187495	180839	63494	20127	43749	138800	268824	196296	255336	305896	164111
TT	106895	273712	306304	291358	285357	308267	343075	315834	200715	191638	208680	224636	270110	290964	345472	352838	185769	269301	692487	405534	204444	354163	531703	581531	458584
