kmer	1	2	3	4	5	6	7	8	9	10	11	12	13	14	15	16	17	18	19	20	21	22	23	24
AA	77783	91990	42823	37014	130572	209926	205162	184927	215445	193270	172869	175659	158872	136187	135999	155910	104932	44051	45923	69085	26881	19103	51684	77438
AC	106366	136306	165357	132294	117605	134498	118862	96341	121456	187116	161001	142987	151834	164944	176720	178559	160552	140452	56592	115025	130608	128798	73095	285459
AG	303907	149565	163453	103590	147196	220295	175841	200227	199873	207317	154127	159723	163706	147386	104664	102085	66266	35390	38891	98513	56625	44418	75154	76017
AT	140451	147444	133501	77541	141346	186801	227085	160539	133302	170827	146093	214119	202569	202423	205435	193133	353347	257015	77637	74072	78976	90029	95744	241741
CA	268106	160335	153330	259654	323352	204114	160322	152541	157194	164399	234542	241115	208422	207856	207247	240828	171135	62384	54373	50400	149712	179670	374349	107967
CC	155221	130957	181639	223967	191596	129886	98257	90321	128073	234705	288515	235118	190812	176852	179733	188469	150659	76833	39001	92216	260174	374277	163855	207977
CG	33189	39187	39356	32466	26917	38008	23400	32798	23672	21498	23321	21324	20561	21723	19120	19908	15800	10122	11957	19796	27104	24022	24740	6637
CT	314037	190393	247373	260414	259703	189243	240794	163650	126193	180358	241816	287346	233056	235649	250682	270533	371168	428084	301583	153555	303730	409731	408701	162617
GA	150274	141860	80328	110526	134719	158980	150705	134938	210306	160969	157257	117279	97850	113860	115005	89499	62372	27817	27064	19738	75014	37620	80968	64380
GC	178326	187837	243451	218961	102277	99927	97640	94893	178642	186377	137994	97127	80222	109696	144792	114626	95543	78188	40263	69977	198944	138262	66475	129542
GG	227002	172998	174176	138604	123600	111530	121471	141588	154766	109296	74625	68928	93857	118165	80481	51787	35576	19068	16181	31265	75230	64269	52088	48806
GT	261428	194303	194006	175167	146083	113727	190328	124842	148150	135932	102790	111608	113785	111897	122551	94292	122953	96331	39984	48945	196665	133913	89777	110189
TA	29142	110949	73958	129525	162877	153930	125845	197670	175585	115452	127820	142928	185796	164915	171436	198860	138469	84791	229335	153867	30741	59284	173654	225576
TC	80959	166598	186054	226346	149773	158462	124551	153577	172789	179996	197393	177619	219212	205290	218493	227108	170669	111441	180111	463502	397974	330308	181773	361418
TG	132900	330211	266273	232019	186451	190311	175549	317251	214263	134555	142869	135739	175494	175555	145939	142664	103762	58912	102896	396279	215105	156599	200935	79698
TT	81152	189310	195165	182155	196176	240605	304431	294140	180534	158176	177211	211624	244195	247845	261946	271982	417040	1009364	1278452	684008	316760	349940	427251	354781
