kmer	1	2	3	4	5	6	7	8	9	10	11	12	13	14	15	16	17	18	19	20	21	22	23	24	25
AA	92936	95668	40132	31904	119348	196376	196844	188450	210446	192877	164985	180677	164810	131152	123870	136843	162179	93848	33859	41747	87435	32359	20122	54659	79937
AC	124189	151321	164251	134996	123350	152181	122138	96616	118596	173674	164511	146859	168232	168582	181703	180154	182881	163450	146617	51285	130213	147492	147764	66271	300728
AG	330954	152157	167588	92893	139397	231080	192109	226482	236554	212963	181607	162004	173099	146874	122968	125164	108312	58960	31358	34363	102680	58506	48906	79956	92312
AT	142970	158857	146402	82439	149466	187312	202691	161563	131984	169642	141679	174415	215918	173256	202520	179143	198811	373274	222689	57919	78175	96730	97584	96143	232846
CA	272599	157962	147752	248907	339434	208390	179241	168755	156823	166825	221652	257948	210943	226596	242282	237565	252817	156030	45386	54371	68409	175700	187295	385347	101469
CC	147310	138571	190282	212383	176597	121937	101201	84829	110395	203066	274507	260724	224270	230247	220915	220556	201822	130472	63884	39870	124221	329896	415905	160063	196623
CG	35521	37610	37742	29207	27964	40891	27740	37935	29201	24073	25711	25216	22613	24022	22175	23710	21781	14650	9694	13300	21887	27844	25568	26558	6862
CT	310949	208157	280893	288907	285789	193795	249917	173380	123885	187078	242838	269924	274680	242438	270580	279012	293968	413628	431880	310084	153684	317253	434223	454631	142416
GA	168451	151948	77093	110347	121594	144684	166455	156777	219498	182469	158156	146155	103147	105257	106754	98071	100304	58697	19638	24631	23191	78355	34488	82260	70450
GC	200883	200359	232120	227796	101917	110516	114207	106265	198194	222930	164439	129467	113054	114711	139448	127884	113054	109219	84476	41783	84575	205944	121815	53296	126490
GG	237303	166419	171147	126524	113066	120611	145374	165569	190142	139381	90361	74559	82142	103337	102059	76725	63953	32151	14008	14979	33350	75264	56199	56367	65179
GT	278538	207144	193846	189357	149196	114925	195714	141652	160844	159429	108732	114384	118798	117654	114590	99044	107525	140008	82217	36519	56663	209937	124112	83017	102455
TA	24017	112795	77255	140403	186573	164332	130571	183598	162389	110611	119162	137279	140964	168056	148398	179704	174232	125948	86431	277754	156052	27962	55124	183557	250602
TC	69918	166418	192751	254609	163149	173465	127353	132594	153857	165038	210355	195456	217747	242412	218777	241794	217023	147703	122648	235263	511684	379659	341115	167740	389456
TG	122092	318020	277547	237149	210309	229168	205040	338692	248312	145271	166886	155362	163105	188618	154522	159237	146029	94578	62852	135137	411583	175000	144267	201693	100770
TT	63772	198996	225601	214581	215253	232739	265807	259245	171282	167075	186821	191973	228880	239190	250841	257796	277711	509786	1164765	1253397	578600	284501	367915	470844	363807
