kmer	1	2	3	4	5	6	7	8	9	10	11	12	13	14	15	16	17	18	19	20	21	22	23	24	25
AA	576762	649232	385610	210404	566323	793361	795976	799774	960579	944085	829310	925274	917858	798128	811043	916194	928958	569401	150957	188333	479110	533724	489887	755519	866315
AC	565618	739817	853217	705623	679139	701396	528162	424713	552558	862051	917947	853350	908123	890743	846290	810314	803254	618027	557529	154901	506163	679176	730509	358952	1304077
AG	1752788	994949	1026939	558446	708332	1060346	907633	1099928	1133356	1056792	865851	769336	873347	785088	673823	786359	679879	355294	152368	195259	496716	488771	594994	922204	1011552
AT	553349	640750	679379	485273	733567	861102	947437	732900	603959	760463	657232	815642	1053680	926097	1151315	1140714	1228731	1831772	1387109	260198	378070	649646	804679	616793	1055328
CA	1237896	877773	782987	1288380	1505548	1021746	892732	797845	753327	845409	1167560	1476852	1276128	1277856	1368700	1164016	975287	637614	152652	229361	450442	1088822	1134809	1561274	559831
CC	703101	650020	945607	1083970	962068	771066	505963	379321	490305	991973	1519846	1602941	1392196	1300369	1048386	826964	738034	520740	238650	161685	467643	1162151	1194203	458634	713804
CG	181672	239426	213930	174074	148221	237585	163973	201252	143922	112783	102893	103775	105043	114437	112873	126611	115368	79097	46462	78899	123452	129929	122440	103217	34733
CT	1193767	868864	1250085	1336529	1356110	1068115	1306718	790531	543922	811173	1054830	1223806	1286340	1112200	1257013	1217029	1246009	1663888	1875002	1288765	531918	1272232	1566086	1483005	423094
GA	1095213	974900	503924	660964	573129	649435	761316	773242	1140964	943417	795461	690884	501477	564217	648695	593339	632375	380041	79592	120950	180994	546684	425552	695054	791852
GC	1060178	1095721	1306904	1099825	617710	608063	596352	578375	1099485	1243448	948507	661153	519964	511637	541149	492449	487612	467329	326416	138218	344184	721163	460633	273918	636594
GG	1336739	942608	974631	704652	614018	682484	842989	1002139	1178561	840282	492510	349838	376173	484710	496530	417367	399731	195353	57530	86016	229169	436931	436381	499489	668885
GT	1411830	856141	923092	931195	732957	576664	996811	737052	836278	774679	510833	467760	453184	479099	507594	472681	634721	932040	653161	186828	286585	972099	840672	545330	577226
TA	114877	443240	287225	527613	771205	714666	607291	879591	768521	537429	571271	659998	704593	842270	825143	967273	837874	660907	415490	1321415	1240771	450839	603220	1225425	1277057
TC	307186	707051	777225	1082529	839595	788861	538472	549067	618990	747657	1021074	942263	984579	1084223	898795	944971	872439	706670	636115	1118651	2335144	1455048	1220785	639958	1228805
TG	598171	1531568	1181136	1100642	1046075	1217053	1176213	1951969	1345987	737454	708381	627849	685100	809733	692610	824102	779785	486955	275652	680758	1827540	1107607	859976	1149647	656560
TT	275880	752967	873136	1014908	1111030	1213084	1396989	1267328	794313	755932	801521	794306	927242	984220	1085068	1264644	1604970	2859899	5960342	6754790	3087126	1270205	1480201	1676608	1159314
