kmer	1	2	3	4	5	6	7	8	9	10	11	12	13	14	15	16	17	18	19	20	21	22	23	24	25
AA	484558	556740	337535	190444	483979	670581	685636	690659	833333	819989	724818	809451	791979	689953	698734	785931	776310	442563	119092	167247	425165	442490	420657	655418	726023
AC	467862	599420	701503	579544	545842	548738	433913	359603	467158	713879	744775	688429	727714	718644	688379	653645	650648	502734	480663	128214	449033	557099	589834	270888	1167843
AG	1381856	803882	854453	475703	593150	875168	750206	893869	903306	860656	717495	643974	743134	656950	559589	637735	548142	278625	130688	170650	439034	408037	496001	788447	843113
AT	477320	551950	583512	414328	612230	715623	799579	628207	528490	663448	570728	712128	907560	779315	984185	959517	1039703	1526881	1022149	184420	339570	564269	692578	505721	893686
CA	1035953	740307	647716	1038323	1201151	840830	730109	652597	624639	689179	954874	1194707	1011416	1019054	1086926	914351	771124	482233	121607	206688	390414	929558	924017	1288503	388657
CC	596106	535774	749274	855730	779471	619550	405362	314812	410031	799330	1192859	1217154	1029971	965742	769963	622038	564129	405693	203448	141708	404798	954597	893762	293433	572081
CG	146024	190094	170484	141310	121362	187304	128987	153760	110699	88916	83210	84761	85053	89679	89841	99161	92115	63662	40510	68499	104317	107412	98219	80461	24837
CT	993975	733441	1003604	1061083	1084126	852569	1016248	636505	457313	660786	839659	987254	1027622	873025	1016611	979972	1020597	1367007	1514665	1098474	441597	1091648	1286867	1163877	273060
GA	884895	799142	419595	558336	492506	558110	641745	643424	933775	773308	667748	586612	426453	492166	555500	501676	512485	284641	60301	111599	160634	487012	349765	598606	665616
GC	859832	845237	988273	869888	500629	480666	476450	465472	833486	927174	712939	503722	400185	406346	444249	402467	400635	384612	280865	120924	302691	616752	364464	213366	571300
GG	1066187	752881	794257	601599	528003	578930	688635	789206	896567	641699	394343	297152	330100	427834	425150	343338	319185	151914	49506	79715	208406	388338	364375	425365	568973
GT	1103625	710682	750227	767888	613846	489548	826323	615641	693901	632499	424802	398454	389285	413229	431510	403544	537299	781795	506163	153499	254388	864944	695487	429654	472098
TA	106586	380814	255173	448098	632474	599813	514848	745607	666225	475340	506542	579617	615014	729714	695668	812845	690884	543155	349531	1167268	995682	340010	526035	1088138	1034444
TC	275816	590647	657396	880948	674311	631752	441949	462795	527536	630219	833303	744757	789630	872609	712931	769815	703183	587191	550393	950280	1926693	1074417	978214	480948	1038947
TG	513875	1205495	978517	916372	864739	991751	945915	1520894	1064108	608561	590892	520136	581288	681946	576445	689370	643520	402634	245033	607255	1605289	870304	708396	983714	517889
TT	253926	651890	756877	848802	920577	1007463	1162491	1075345	697829	663413	689409	680088	791992	832190	912715	1072991	1378437	2443056	4973782	5291956	2200685	951509	1259725	1381857	889829
