kmer	1	2	3	4	5	6	7	8	9
AA	2436040	2304566	2276803	402767	347266	429122	2746535	2405531	2090391
AC	1348217	1487199	1054269	453859	190937	242148	2260559	1767152	1714371
AG	1290765	1150053	630024	230225	228170	219035	919895	669884	814801
AT	2498724	2766756	3356529	5821099	478912	431981	3390774	2284289	2438899
CA	1854406	1764309	1679719	285827	291509	1422944	1370367	1948991	2256500
CC	1596442	1716125	1587063	420693	455118	503772	2537766	3191953	2989239
CG	187560	158191	93742	42647	43774	104206	67083	105377	149216
CT	2384838	2480944	3236630	4750721	1661376	732876	2823894	2224183	3632093
GA	1163452	988144	865671	200126	167594	179843	391257	433482	486173
GC	948362	915478	748756	244974	166720	205996	797181	754465	555440
GG	844877	716327	376994	173732	168384	150767	276783	291343	328133
GT	1347397	1351335	1433840	1304821	230944	213340	1017789	765513	824970
TA	2254676	2260606	2085757	356565	515917	7285854	2618697	2270457	1512342
TC	2226548	2478350	2109800	1332251	1951023	5847194	1874998	3313477	2979210
TG	1648069	1400690	822892	287037	309618	2009002	981041	1128112	1059384
TT	4577392	4668706	6249292	12300438	21400521	8629703	4533163	5053574	4776623
